Kamenka=1892.109985 6.171125 2244.129883=1000
Chernogorsk=6387.430176 9.290138 2699.479980=1000
Elektrozavodsk=10322.400391 5.811278 2171.159912=1000
Berezino=12525.299805 9.616544 9717.500000=1000
Svetloyarsk=13775.400391 20.391335 13264.299805=1000
Rogovo=4800.029785 268.257568 6742.169922=1000
Zelenegorsk=2855.979980 206.323898 4994.339844=1000
Nargoye=9356.767578 233.536606 14577.841797=1000
Sinystok=1511.377319 280.020935 11950.671875=1000